174.31
149.91
182.59
150.38
132.58
188.62
152.16
141.11
123.81
117.43
126.24
160.63
158.33
197.25
163.09
182.04
110.42
147.68
104.29
127.64
198.22
129.61
186.96
177.26
177.50
133.97
173.86
168.71
164.67
112.07
114.38
189.22
196.98
163.98
199.59
108.27
171.25
147.90
115.93
168.75
176.26
185.68
133.52
136.40
148.78
117.78
187.84
105.06
137.91
103.79
126.14
169.58
158.74
174.47
193.80
107.17
152.37
115.32
129.97
153.29
146.52
102.42
126.82
118.76
128.71
117.19
181.95
170.83
102.14
138.01
140.03
193.29
193.45
144.30
176.02
147.73
121.01
171.11
120.11
181.47
112.62
120.98
162.16
166.48
182.28
173.68
102.30
107.88
137.09
134.40
133.34
130.66
187.42
126.11
150.79
138.91
176.22
162.81
186.51
143.25
